#### Posicion frente a la puerta (puerta que da a la clase)
pose: 
  pose: 
    position: 
      x: -0.03339960212487537
      y: -0.9941108864627621
      z: 0.0
    orientation: 
      x: 0.0
      y: 0.0
      z: 0.985343590657674
      w: 0.17058138336243545
  covariance: [0.020624955686407737, -0.002730151819205027, 0.0, 0.0, 0.0, 0.0, -0.002730151819205027, 0.015065976994105168, 0.0, 0.0, 0.0, 0.0, 0.0, 0.0, 0.0, 0.0, 0.0, 0.0, 0.0, 0.0, 0.0, 0.0, 0.0, 0.0, 0.0, 0.0, 0.0, 0.0, 0.0, 0.0, 0.0, 0.0, 0.0, 0.0, 0.0, 0.01840494616810988]

#### Posicion al lado de la mesa donde se hara el psicotecnico
pose: 
  pose: 
    position: 
      x: 3.672146707374831
      y: -2.2359272006142015
      z: 0.0
    orientation: 
      x: 0.0
      y: 0.0
      z: -0.6552174338382382
      w: 0.7554403446960151
  covariance: [0.00425775794611738, -6.951806011912254e-05, 0.0, 0.0, 0.0, 0.0, -6.951806011912254e-05, 0.0032986318259871084, 0.0, 0.0, 0.0, 0.0, 0.0, 0.0, 0.0, 0.0, 0.0, 0.0, 0.0, 0.0, 0.0, 0.0, 0.0, 0.0, 0.0, 0.0, 0.0, 0.0, 0.0, 0.0, 0.0, 0.0, 0.0, 0.0, 0.0, 0.00174159159827717]

#### Posicion vision 1
pose: 
  pose: 
    position: 
      x: 2.9012330405494886
      y: -1.293344511139235
      z: 0.0
    orientation: 
      x: 0.0
      y: 0.0
      z: -0.4588533251208141
      w: 0.888512029195763
  covariance: [0.006629471230080952, -0.0005040964902880418, 0.0, 0.0, 0.0, 0.0, -0.0005040964902880418, 0.002746580097072293, 0.0, 0.0, 0.0, 0.0, 0.0, 0.0, 0.0, 0.0, 0.0, 0.0, 0.0, 0.0, 0.0, 0.0, 0.0, 0.0, 0.0, 0.0, 0.0, 0.0, 0.0, 0.0, 0.0, 0.0, 0.0, 0.0, 0.0, 0.002666739240144126]

#### Posicion vision 2
pose: 
  pose: 
    position: 
      x: 2.2037956776648566
      y: 0.061978901102042926
      z: 0.0
    orientation: 
      x: 0.0
      y: 0.0
      z: -0.5214428312970412
      w: 0.8532862202619502
  covariance: [0.01115638322477519, 0.0014060313474887065, 0.0, 0.0, 0.0, 0.0, 0.0014060313474887065, 0.004478718637865579, 0.0, 0.0, 0.0, 0.0, 0.0, 0.0, 0.0, 0.0, 0.0, 0.0, 0.0, 0.0, 0.0, 0.0, 0.0, 0.0, 0.0, 0.0, 0.0, 0.0, 0.0, 0.0, 0.0, 0.0, 0.0, 0.0, 0.0, 0.0017172636272455824]

#### Posicion vision 3
pose: 
  pose: 
    position: 
      x: 1.5780124426358513
      y: 1.4079240508893582
      z: 0.0
    orientation: 
      x: 0.0
      y: 0.0
      z: -0.6134467796664745
      w: 0.7897360625657358
  covariance: [0.011105098813968262, 0.006938876093089519, 0.0, 0.0, 0.0, 0.0, 0.006938876093089963, 0.01438907823339819, 0.0, 0.0, 0.0, 0.0, 0.0, 0.0, 0.0, 0.0, 0.0, 0.0, 0.0, 0.0, 0.0, 0.0, 0.0, 0.0, 0.0, 0.0, 0.0, 0.0, 0.0, 0.0, 0.0, 0.0, 0.0, 0.0, 0.0, 0.00986507128402009]